[gd_scene load_steps=11 format=3 uid="uid://ci20uv264j7h"]

[ext_resource type="PackedScene" uid="uid://qj06ooup0ni6" path="res://game/corridors/podRoom/PodRoom - Texture.gltf" id="1_34mut"]
[ext_resource type="Material" uid="uid://b5csbgtkoge0f" path="res://game/corridors/podRoom/podRoom.tres" id="2_3rf4x"]
[ext_resource type="Material" uid="uid://4rkn32chmjs0" path="res://game/corridors/podRoom/podMat.tres" id="3_kptuu"]

[sub_resource type="BoxShape3D" id="BoxShape3D_8rhyb"]
size = Vector3(8.19867, 0.317871, 7.32402)

[sub_resource type="BoxShape3D" id="BoxShape3D_ci8nb"]
size = Vector3(4.5482, 0.317871, 9.17659)

[sub_resource type="BoxShape3D" id="BoxShape3D_0iw30"]
size = Vector3(8.19867, 0.317871, 2.33416)

[sub_resource type="BoxShape3D" id="BoxShape3D_5m5qx"]
size = Vector3(8.46251, 0.317871, 1.67814)

[sub_resource type="BoxShape3D" id="BoxShape3D_sb6m2"]
size = Vector3(3.42471, 0.317871, 3.24532)

[sub_resource type="BoxShape3D" id="BoxShape3D_pjx1k"]
size = Vector3(0.607147, 0.317871, 1.4205)

[sub_resource type="BoxShape3D" id="BoxShape3D_14q4m"]
size = Vector3(0.607147, 0.317871, 2.88685)

[node name="PodRoom - Texture" instance=ExtResource("1_34mut")]

[node name="Room" parent="." index="0"]
material_override = ExtResource("2_3rf4x")

[node name="Door1" parent="." index="1"]
material_override = ExtResource("3_kptuu")
surface_material_override/0 = ExtResource("3_kptuu")

[node name="Pod1" parent="." index="2"]
surface_material_override/0 = ExtResource("3_kptuu")

[node name="Door2" parent="." index="3"]
material_override = ExtResource("3_kptuu")
surface_material_override/0 = ExtResource("3_kptuu")

[node name="Pod2" parent="." index="4"]
material_override = ExtResource("3_kptuu")
surface_material_override/0 = ExtResource("3_kptuu")

[node name="Door3" parent="." index="5"]
surface_material_override/0 = ExtResource("3_kptuu")

[node name="Pod3" parent="." index="6"]
surface_material_override/0 = ExtResource("3_kptuu")

[node name="Door4" parent="." index="7"]
surface_material_override/0 = ExtResource("3_kptuu")

[node name="Pod4" parent="." index="8"]
surface_material_override/0 = ExtResource("3_kptuu")

[node name="Door5" parent="." index="9"]
surface_material_override/0 = ExtResource("3_kptuu")

[node name="Pod5" parent="." index="10"]
surface_material_override/0 = ExtResource("3_kptuu")

[node name="Door6" parent="." index="11"]
surface_material_override/0 = ExtResource("3_kptuu")

[node name="Pod6" parent="." index="12"]
surface_material_override/0 = ExtResource("3_kptuu")

[node name="RoomBody" type="StaticBody3D" parent="." index="13"]

[node name="CollisionShape3D" type="CollisionShape3D" parent="RoomBody" index="0"]
transform = Transform3D(1, 0, 0, 0, 1, 0, 0, 0, 1, 5.10069, -1.155, 0)
shape = SubResource("BoxShape3D_8rhyb")

[node name="CollisionShape3D9" type="CollisionShape3D" parent="RoomBody" index="1"]
transform = Transform3D(-4.37114e-08, -1, 0, 1, -4.37114e-08, 0, 0, 0, 1, 9.35302, 0.47457, -0.00545692)
shape = SubResource("BoxShape3D_ci8nb")

[node name="CollisionShape3D2" type="CollisionShape3D" parent="RoomBody" index="2"]
transform = Transform3D(1, 0, 0, 0, 1, 0, 0, 0, 1, 5.10069, 2.15798, 0)
shape = SubResource("BoxShape3D_8rhyb")

[node name="CollisionShape3D3" type="CollisionShape3D" parent="RoomBody" index="3"]
transform = Transform3D(1, 0, 0, 0, -4.37114e-08, -1, 0, 1, -4.37114e-08, 5.10069, 0.501036, 4.15969)
shape = SubResource("BoxShape3D_0iw30")

[node name="CollisionShape3D4" type="CollisionShape3D" parent="RoomBody" index="4"]
transform = Transform3D(1, 0, 0, 0, -4.37114e-08, -1, 0, 1, -4.37114e-08, 5.101, 0.501, -4.16)
shape = SubResource("BoxShape3D_0iw30")

[node name="CollisionShape3D5" type="CollisionShape3D" parent="RoomBody" index="5"]
transform = Transform3D(1, 0, 0, 0, -0.707107, -0.707107, 0, 0.707107, -0.707107, 5.101, 1.92505, -3.96707)
shape = SubResource("BoxShape3D_5m5qx")

[node name="CollisionShape3D17" type="CollisionShape3D" parent="RoomBody" index="6"]
transform = Transform3D(-3.09086e-08, 1, -5.96046e-08, -3.09086e-08, -5.96046e-08, -1, -1, -3.09086e-08, 3.09086e-08, 1.031, 1.796, 0)
shape = SubResource("BoxShape3D_5m5qx")

[node name="CollisionShape3D18" type="CollisionShape3D" parent="RoomBody" index="7"]
transform = Transform3D(-3.09086e-08, 1, -5.96046e-08, 1, 3.09086e-08, 1.28028e-08, 1.28028e-08, -5.96046e-08, -1, 1.031, 0.403863, 3.11699)
shape = SubResource("BoxShape3D_sb6m2")

[node name="CollisionShape3D19" type="CollisionShape3D" parent="RoomBody" index="8"]
transform = Transform3D(-3.09086e-08, 1, -5.96046e-08, 1, 3.09086e-08, 1.28028e-08, 1.28028e-08, -5.96046e-08, -1, 1.031, 0.404, -3.117)
shape = SubResource("BoxShape3D_sb6m2")

[node name="CollisionShape3D6" type="CollisionShape3D" parent="RoomBody" index="9"]
transform = Transform3D(1, 0, 0, 0, -0.707107, 0.707107, 0, -0.707107, -0.707107, 5.101, 1.925, 3.967)
shape = SubResource("BoxShape3D_5m5qx")

[node name="CollisionShape3D7" type="CollisionShape3D" parent="RoomBody" index="10"]
transform = Transform3D(1, 0, 0, 0, 0.707107, 0.707107, 0, -0.707107, 0.707107, 5.101, -0.922408, 3.967)
shape = SubResource("BoxShape3D_5m5qx")

[node name="CollisionShape3D8" type="CollisionShape3D" parent="RoomBody" index="11"]
transform = Transform3D(1, 0, 0, 0, 0.707107, -0.707107, 0, 0.707107, 0.707107, 5.101, -0.922408, -3.96706)
shape = SubResource("BoxShape3D_5m5qx")

[node name="CollisionShape3D10" type="CollisionShape3D" parent="RoomBody" index="12"]
transform = Transform3D(1, 0, 0, 0, -0.707107, -0.707107, 0, 0.707107, -0.707107, 0.888628, 0.977933, -1.41482)
shape = SubResource("BoxShape3D_pjx1k")

[node name="CollisionShape3D11" type="CollisionShape3D" parent="RoomBody" index="13"]
transform = Transform3D(1, 0, 0, 0, -0.707107, 0.707107, 0, -0.707107, -0.707107, 0.889, 0.978, 1.415)
shape = SubResource("BoxShape3D_pjx1k")

[node name="CollisionShape3D12" type="CollisionShape3D" parent="RoomBody" index="14"]
transform = Transform3D(1, 0, 0, 0, 0.707107, 0.707107, 0, -0.707107, 0.707107, 0.888628, -0.967325, 1.415)
shape = SubResource("BoxShape3D_pjx1k")

[node name="CollisionShape3D14" type="CollisionShape3D" parent="RoomBody" index="15"]
transform = Transform3D(1, 0, 0, 0, 0, 1, 0, -1, 0, 0.888628, 0.0723683, 1.6781)
shape = SubResource("BoxShape3D_14q4m")

[node name="CollisionShape3D15" type="CollisionShape3D" parent="RoomBody" index="16"]
transform = Transform3D(1, 0, 0, 0, 0, 1, 0, -1, 0, 0.889, 0.072, -1.678)
shape = SubResource("BoxShape3D_14q4m")

[node name="CollisionShape3D16" type="CollisionShape3D" parent="RoomBody" index="17"]
transform = Transform3D(1, 0, 0, 0, 1, -4.37114e-08, 0, 4.37114e-08, 1, 0.889, 1.117, 0)
shape = SubResource("BoxShape3D_14q4m")

[node name="CollisionShape3D13" type="CollisionShape3D" parent="RoomBody" index="18"]
transform = Transform3D(1, 0, 0, 0, 0.707107, -0.707107, 0, 0.707107, 0.707107, 0.889, -0.967392, -1.41482)
shape = SubResource("BoxShape3D_pjx1k")
