[gd_scene load_steps=8 format=3 uid="uid://uaxljmwu51xn"]

[ext_resource type="PackedScene" uid="uid://bgldknl8rr34i" path="res://game/items/storageCrate/Crate - Texture.gltf" id="1_w2mnh"]
[ext_resource type="Material" uid="uid://bdqjpqcwkcjhu" path="res://game/items/storageCrate/crateBody.tres" id="2_1qimw"]

[sub_resource type="BoxShape3D" id="BoxShape3D_6u6xq"]
size = Vector3(1.25684, 0.0863647, 1.25665)

[sub_resource type="BoxShape3D" id="BoxShape3D_ljl17"]
size = Vector3(0.848633, 0.0863647, 1.21431)

[sub_resource type="BoxShape3D" id="BoxShape3D_bkhcb"]
size = Vector3(0.724243, 0.0863647, 1.21431)

[sub_resource type="BoxShape3D" id="BoxShape3D_rp84l"]
size = Vector3(0.848969, 0.0863647, 0.219166)

[sub_resource type="BoxShape3D" id="BoxShape3D_40wrv"]
size = Vector3(0.131201, 0.0863647, 0.305768)

[node name="Crate - Texture" instance=ExtResource("1_w2mnh")]

[node name="Cube" parent="." index="0"]
transform = Transform3D(0.65, 0, 0, 0, 0.65, 0, 0, 0, 0.65, 0, 0, 0)
material_override = ExtResource("2_1qimw")

[node name="RigidBody3D" type="RigidBody3D" parent="." index="2"]

[node name="CollisionShape3D" type="CollisionShape3D" parent="RigidBody3D" index="0"]
transform = Transform3D(1, 0, 0, 0, 1, 0, 0, 0, 1, 0, -0.606, 0.000457764)
shape = SubResource("BoxShape3D_6u6xq")

[node name="CollisionShape3D2" type="CollisionShape3D" parent="RigidBody3D" index="1"]
transform = Transform3D(-4.37114e-08, -1, 0, 1, -4.37114e-08, 0, 0, 0, 1, 0.606502, -0.226009, 0.000236511)
shape = SubResource("BoxShape3D_ljl17")

[node name="CollisionShape3D3" type="CollisionShape3D" parent="RigidBody3D" index="2"]
transform = Transform3D(-4.37114e-08, -1, 0, 1, -4.37114e-08, 0, 0, 0, 1, -0.607, -0.226, 0)
shape = SubResource("BoxShape3D_ljl17")

[node name="CollisionShape3D4" type="CollisionShape3D" parent="RigidBody3D" index="3"]
transform = Transform3D(1.91069e-15, 4.37114e-08, -1, 1, -4.37114e-08, 0, -4.37114e-08, -1, -4.37114e-08, -0.00036731, -0.288204, 0.606869)
shape = SubResource("BoxShape3D_bkhcb")

[node name="CollisionShape3D5" type="CollisionShape3D" parent="RigidBody3D" index="4"]
transform = Transform3D(1.91069e-15, 4.37114e-08, -1, 1, -4.37114e-08, 0, -4.37114e-08, -1, -4.37114e-08, 0, -0.288, -0.607)
shape = SubResource("BoxShape3D_bkhcb")

[node name="CollisionShape3D6" type="CollisionShape3D" parent="RigidBody3D" index="5"]
transform = Transform3D(1.91069e-15, 4.37114e-08, -1, 1, -4.37114e-08, 0, -4.37114e-08, -1, -4.37114e-08, -0.497572, -0.225637, -0.607)
shape = SubResource("BoxShape3D_rp84l")

[node name="CollisionShape3D7" type="CollisionShape3D" parent="RigidBody3D" index="6"]
transform = Transform3D(1.91069e-15, 4.37114e-08, -1, 1, -4.37114e-08, 0, -4.37114e-08, -1, -4.37114e-08, 0.498, -0.226, -0.607)
shape = SubResource("BoxShape3D_rp84l")

[node name="CollisionShape3D8" type="CollisionShape3D" parent="RigidBody3D" index="7"]
transform = Transform3D(1.91069e-15, 4.37114e-08, -1, 1, -4.37114e-08, 0, -4.37114e-08, -1, -4.37114e-08, -0.497572, -0.225637, 0.607)
shape = SubResource("BoxShape3D_rp84l")

[node name="CollisionShape3D9" type="CollisionShape3D" parent="RigidBody3D" index="8"]
transform = Transform3D(1.91069e-15, 4.37114e-08, -1, 1, -4.37114e-08, 0, -4.37114e-08, -1, -4.37114e-08, 0.498, -0.226, 0.607)
shape = SubResource("BoxShape3D_rp84l")

[node name="CollisionShape3D10" type="CollisionShape3D" parent="RigidBody3D" index="9"]
transform = Transform3D(-0.435812, 5.83919e-08, -0.900037, 0.900037, -2.02919e-08, -0.435812, -4.37114e-08, -1, -4.37114e-08, 0.282036, 0.0750642, 0.607)
shape = SubResource("BoxShape3D_40wrv")

[node name="CollisionShape3D11" type="CollisionShape3D" parent="RigidBody3D" index="10"]
transform = Transform3D(0.435231, 2.46868e-08, -0.900319, 0.900319, -3.93542e-08, 0.435231, -2.46868e-08, -1, -3.93542e-08, -0.282, 0.075, 0.607)
shape = SubResource("BoxShape3D_40wrv")

[node name="CollisionShape3D12" type="CollisionShape3D" parent="RigidBody3D" index="11"]
transform = Transform3D(-0.435812, 5.83919e-08, -0.900037, 0.900037, -2.02919e-08, -0.435812, -4.37114e-08, -1, -4.37114e-08, 0.282036, 0.0750642, -0.607)
shape = SubResource("BoxShape3D_40wrv")

[node name="CollisionShape3D13" type="CollisionShape3D" parent="RigidBody3D" index="12"]
transform = Transform3D(0.435231, 2.46868e-08, -0.900319, 0.900319, -3.93542e-08, 0.435231, -2.46868e-08, -1, -3.93542e-08, -0.282, 0.075, -0.607)
shape = SubResource("BoxShape3D_40wrv")
