[gd_scene load_steps=13 format=3 uid="uid://cmxlbjp5cvpky"]

[ext_resource type="PackedScene" uid="uid://ca4hcws8idhky" path="res://game/corridors/hall_Junction/Hall - Junction - Texture.gltf" id="1_46l2y"]
[ext_resource type="Material" uid="uid://clxasphfdvcao" path="res://game/corridors/hall_Junction/Corridor_Junction.tres" id="2_jobrf"]

[sub_resource type="BoxShape3D" id="BoxShape3D_bqhg7"]
size = Vector3(7, 0.0603027, 2.508)

[sub_resource type="BoxShape3D" id="BoxShape3D_6oo87"]
size = Vector3(4.66675, 0.0603027, 2.34013)

[sub_resource type="BoxShape3D" id="BoxShape3D_n8edn"]
size = Vector3(7, 0.0603027, 2.49702)

[sub_resource type="BoxShape3D" id="BoxShape3D_vybxp"]
size = Vector3(7, 0.0603027, 1.51093)

[sub_resource type="BoxShape3D" id="BoxShape3D_t6qcn"]
size = Vector3(2.01782, 0.0603027, 1.50861)

[sub_resource type="BoxShape3D" id="BoxShape3D_ehr2k"]
size = Vector3(7, 0.0603027, 0.630562)

[sub_resource type="BoxShape3D" id="BoxShape3D_ye42b"]
size = Vector3(2.01782, 0.0603027, 0.644722)

[sub_resource type="BoxShape3D" id="BoxShape3D_di52o"]
size = Vector3(2.01782, 0.0603027, 0.625231)

[sub_resource type="BoxShape3D" id="BoxShape3D_2haw8"]
size = Vector3(7, 0.0603027, 0.631599)

[sub_resource type="BoxShape3D" id="BoxShape3D_dcjaw"]
size = Vector3(0.0927734, 0.613159, 0.587463)

[node name="Hall - Junction" instance=ExtResource("1_46l2y")]

[node name="Junction" parent="." index="0"]
transform = Transform3D(2, 0, 0, 0, 2, 0, 0, 0, 2, 0, 0, 0)
material_override = ExtResource("2_jobrf")

[node name="StaticBody3D" type="StaticBody3D" parent="." index="2"]
transform = Transform3D(2, 0, 0, 0, 2, 0, 0, 0, 2, 0, 0, 0)

[node name="CollisionShape3D" type="CollisionShape3D" parent="StaticBody3D" index="0"]
transform = Transform3D(1, 0, 0, 0, 1, 0, 0, 0, 1, -2.48853, 1.01951, -0.00266647)
shape = SubResource("BoxShape3D_bqhg7")

[node name="CollisionShape3D12" type="CollisionShape3D" parent="StaticBody3D" index="1"]
transform = Transform3D(-4.37114e-08, 0, 1, 0, 1, 0, -1, 0, -4.37114e-08, -2.4999, 1.01951, -1.16929)
shape = SubResource("BoxShape3D_6oo87")

[node name="CollisionShape3D13" type="CollisionShape3D" parent="StaticBody3D" index="2"]
transform = Transform3D(-4.37114e-08, 0, 1, 0, 1, 0, -1, 0, -4.37114e-08, -2.4999, -1.01354, -1.16929)
shape = SubResource("BoxShape3D_6oo87")

[node name="CollisionShape3D2" type="CollisionShape3D" parent="StaticBody3D" index="3"]
transform = Transform3D(1, 0, 0, 0, 1, 0, 0, 0, 1, -2.48853, -1.01194, 0.00019455)
shape = SubResource("BoxShape3D_n8edn")

[node name="CollisionShape3D3" type="CollisionShape3D" parent="StaticBody3D" index="4"]
transform = Transform3D(1, 0, 0, 0, -4.37114e-08, -1, 0, 1, -4.37114e-08, -2.48809, 0.00927573, 1.517)
shape = SubResource("BoxShape3D_vybxp")

[node name="CollisionShape3D4" type="CollisionShape3D" parent="StaticBody3D" index="5"]
transform = Transform3D(1, 0, 0, 0, -4.37114e-08, -1, 0, 1, -4.37114e-08, 0.003, 0.00750571, -1.517)
shape = SubResource("BoxShape3D_t6qcn")

[node name="CollisionShape3D11" type="CollisionShape3D" parent="StaticBody3D" index="6"]
transform = Transform3D(1, 0, 0, 0, -4.37114e-08, -1, 0, 1, -4.37114e-08, -4.997, 0.00750571, -1.517)
shape = SubResource("BoxShape3D_t6qcn")

[node name="CollisionShape3D5" type="CollisionShape3D" parent="StaticBody3D" index="7"]
transform = Transform3D(1, 0, 0, 0, 0.707107, -0.707107, 0, 0.707107, 0.707107, -2.48809, 0.851672, 1.34688)
shape = SubResource("BoxShape3D_ehr2k")

[node name="CollisionShape3D6" type="CollisionShape3D" parent="StaticBody3D" index="8"]
transform = Transform3D(1, 0, 0, 0, 0.707107, -0.707107, 0, 0.707107, 0.707107, 0.003, -0.840047, -1.34781)
shape = SubResource("BoxShape3D_ye42b")

[node name="CollisionShape3D9" type="CollisionShape3D" parent="StaticBody3D" index="9"]
transform = Transform3D(1, 0, 0, 0, 0.707107, -0.707107, 0, 0.707107, 0.707107, -4.997, -0.840047, -1.34781)
shape = SubResource("BoxShape3D_ye42b")

[node name="CollisionShape3D7" type="CollisionShape3D" parent="StaticBody3D" index="10"]
transform = Transform3D(1, 0, 0, 0, 0.707107, 0.707107, 0, -0.707107, 0.707107, 0.003, 0.849433, -1.34912)
shape = SubResource("BoxShape3D_di52o")

[node name="CollisionShape3D10" type="CollisionShape3D" parent="StaticBody3D" index="11"]
transform = Transform3D(1, 0, 0, 0, 0.707107, 0.707107, 0, -0.707107, 0.707107, -4.997, 0.849433, -1.34912)
shape = SubResource("BoxShape3D_di52o")

[node name="CollisionShape3D8" type="CollisionShape3D" parent="StaticBody3D" index="12"]
transform = Transform3D(1, 0, 0, 0, 0.707107, 0.707107, 0, -0.707107, 0.707107, -2.48809, -0.845814, 1.34355)
shape = SubResource("BoxShape3D_2haw8")

[node name="CollisionShape3D14" type="CollisionShape3D" parent="StaticBody3D" index="13"]
transform = Transform3D(-4.37114e-08, -1, 4.37114e-08, 0, -4.37114e-08, -1, 1, -4.37114e-08, 1.91069e-15, -0.968468, 0.00750571, -2.48795)
shape = SubResource("BoxShape3D_t6qcn")

[node name="CollisionShape3D15" type="CollisionShape3D" parent="StaticBody3D" index="14"]
transform = Transform3D(-4.37114e-08, -1, 4.37114e-08, 0, -4.37114e-08, -1, 1, -4.37114e-08, 1.91069e-15, -4.02934, 0.00750571, -2.48795)
shape = SubResource("BoxShape3D_t6qcn")

[node name="CollisionShape3D16" type="CollisionShape3D" parent="StaticBody3D" index="15"]
transform = Transform3D(-4.37114e-08, -0.707107, -0.707107, 0, 0.707107, -0.707107, 1, -3.09086e-08, -3.09086e-08, -1.13766, -0.840047, -2.48795)
shape = SubResource("BoxShape3D_ye42b")

[node name="CollisionShape3D19" type="CollisionShape3D" parent="StaticBody3D" index="16"]
transform = Transform3D(5.4634e-15, -0.707107, 0.707107, -4.37114e-08, -0.707107, -0.707107, 1, -3.09086e-08, -3.09086e-08, -3.85252, -0.840047, -2.48795)
shape = SubResource("BoxShape3D_ye42b")

[node name="CollisionShape3D17" type="CollisionShape3D" parent="StaticBody3D" index="17"]
transform = Transform3D(-4.37114e-08, 0.707107, -0.707107, 0, 0.707107, 0.707107, 1, 3.09086e-08, -3.09086e-08, -1.13635, 0.849433, -2.48795)
shape = SubResource("BoxShape3D_di52o")

[node name="CollisionShape3D18" type="CollisionShape3D" parent="StaticBody3D" index="18"]
transform = Transform3D(1.3166e-15, -0.707107, -0.707107, -4.37114e-08, 0.707107, -0.707107, 1, 3.09086e-08, -3.09086e-08, -3.86007, 0.849433, -2.48795)
shape = SubResource("BoxShape3D_di52o")

[node name="CollisionShape3D20" type="CollisionShape3D" parent="StaticBody3D" index="19"]
transform = Transform3D(0.5, -0.5, -0.707107, 0.707107, 0.707107, 0, 0.5, -0.5, 0.707107, -3.94128, -0.915033, -1.4414)
shape = SubResource("BoxShape3D_dcjaw")

[node name="CollisionShape3D21" type="CollisionShape3D" parent="StaticBody3D" index="20"]
transform = Transform3D(0.582061, 0.384534, -0.716476, -0.56565, 0.824469, -0.0170371, 0.584161, 0.415191, 0.697404, -3.91894, 0.905537, -1.45749)
shape = SubResource("BoxShape3D_dcjaw")

[node name="CollisionShape3D22" type="CollisionShape3D" parent="StaticBody3D" index="21"]
transform = Transform3D(-0.5, 0.5, -0.707107, 0.707107, 0.707107, 0, 0.5, -0.5, -0.707107, -1.06628, -0.915033, -1.46062)
shape = SubResource("BoxShape3D_dcjaw")

[node name="CollisionShape3D23" type="CollisionShape3D" parent="StaticBody3D" index="22"]
transform = Transform3D(-0.584161, -0.415192, -0.697403, -0.56565, 0.824469, -0.0170371, 0.582061, 0.384534, -0.716476, -1.05018, 0.905537, -1.43828)
shape = SubResource("BoxShape3D_dcjaw")
