[gd_scene load_steps=13 format=3 uid="uid://cxgalm4gj2hug"]

[ext_resource type="PackedScene" uid="uid://b3uw400ujmte5" path="res://game/corridors/hall_JunctionLight/Hall - Junction_Light.gltf" id="1_b611t"]
[ext_resource type="Material" uid="uid://bc3wbn1qgkqt" path="res://game/corridors/hall_JunctionLight/Corridor_JunctionLight.tres" id="2_y7x34"]

[sub_resource type="BoxShape3D" id="BoxShape3D_dbxgs"]
size = Vector3(7, 0.0603027, 2.508)

[sub_resource type="BoxShape3D" id="BoxShape3D_11n0f"]
size = Vector3(4.66675, 0.0603027, 2.34013)

[sub_resource type="BoxShape3D" id="BoxShape3D_33fam"]
size = Vector3(7, 0.0603027, 2.49702)

[sub_resource type="BoxShape3D" id="BoxShape3D_dm8ua"]
size = Vector3(7, 0.0603027, 1.51093)

[sub_resource type="BoxShape3D" id="BoxShape3D_tviwq"]
size = Vector3(2.01782, 0.0603027, 1.50861)

[sub_resource type="BoxShape3D" id="BoxShape3D_xwgsu"]
size = Vector3(7, 0.0603027, 0.630562)

[sub_resource type="BoxShape3D" id="BoxShape3D_1if4f"]
size = Vector3(2.01782, 0.0603027, 0.644722)

[sub_resource type="BoxShape3D" id="BoxShape3D_wb3pq"]
size = Vector3(2.01782, 0.0603027, 0.625231)

[sub_resource type="BoxShape3D" id="BoxShape3D_drlf4"]
size = Vector3(7, 0.0603027, 0.631599)

[sub_resource type="BoxShape3D" id="BoxShape3D_52cmv"]
size = Vector3(0.0927734, 0.613159, 0.587463)

[node name="Hall - Junction_Light" instance=ExtResource("1_b611t")]

[node name="Junction_L" parent="." index="0"]
transform = Transform3D(2, 0, 0, 0, 2, 0, 0, 0, 2, 0, 0, 0)
material_override = ExtResource("2_y7x34")

[node name="StaticBody3D" type="StaticBody3D" parent="." index="2"]
transform = Transform3D(2, 0, 0, 0, 2, 0, 0, 0, 2, 0, 0, 0)

[node name="CollisionShape3D" type="CollisionShape3D" parent="StaticBody3D" index="0"]
transform = Transform3D(1, 0, 0, 0, 1, 0, 0, 0, 1, -2.48853, 1.01951, -0.00266647)
shape = SubResource("BoxShape3D_dbxgs")

[node name="CollisionShape3D12" type="CollisionShape3D" parent="StaticBody3D" index="1"]
transform = Transform3D(-4.37114e-08, 0, 1, 0, 1, 0, -1, 0, -4.37114e-08, -2.4999, 1.01951, -1.16929)
shape = SubResource("BoxShape3D_11n0f")

[node name="CollisionShape3D13" type="CollisionShape3D" parent="StaticBody3D" index="2"]
transform = Transform3D(-4.37114e-08, 0, 1, 0, 1, 0, -1, 0, -4.37114e-08, -2.4999, -1.01354, -1.16929)
shape = SubResource("BoxShape3D_11n0f")

[node name="CollisionShape3D2" type="CollisionShape3D" parent="StaticBody3D" index="3"]
transform = Transform3D(1, 0, 0, 0, 1, 0, 0, 0, 1, -2.48853, -1.01194, 0.00019455)
shape = SubResource("BoxShape3D_33fam")

[node name="CollisionShape3D3" type="CollisionShape3D" parent="StaticBody3D" index="4"]
transform = Transform3D(1, 0, 0, 0, -4.37114e-08, -1, 0, 1, -4.37114e-08, -2.48809, 0.00927573, 1.517)
shape = SubResource("BoxShape3D_dm8ua")

[node name="CollisionShape3D4" type="CollisionShape3D" parent="StaticBody3D" index="5"]
transform = Transform3D(1, 0, 0, 0, -4.37114e-08, -1, 0, 1, -4.37114e-08, 0.003, 0.00750571, -1.517)
shape = SubResource("BoxShape3D_tviwq")

[node name="CollisionShape3D11" type="CollisionShape3D" parent="StaticBody3D" index="6"]
transform = Transform3D(1, 0, 0, 0, -4.37114e-08, -1, 0, 1, -4.37114e-08, -4.997, 0.00750571, -1.517)
shape = SubResource("BoxShape3D_tviwq")

[node name="CollisionShape3D5" type="CollisionShape3D" parent="StaticBody3D" index="7"]
transform = Transform3D(1, 0, 0, 0, 0.707107, -0.707107, 0, 0.707107, 0.707107, -2.48809, 0.851672, 1.34688)
shape = SubResource("BoxShape3D_xwgsu")

[node name="CollisionShape3D6" type="CollisionShape3D" parent="StaticBody3D" index="8"]
transform = Transform3D(1, 0, 0, 0, 0.707107, -0.707107, 0, 0.707107, 0.707107, 0.003, -0.840047, -1.34781)
shape = SubResource("BoxShape3D_1if4f")

[node name="CollisionShape3D9" type="CollisionShape3D" parent="StaticBody3D" index="9"]
transform = Transform3D(1, 0, 0, 0, 0.707107, -0.707107, 0, 0.707107, 0.707107, -4.997, -0.840047, -1.34781)
shape = SubResource("BoxShape3D_1if4f")

[node name="CollisionShape3D7" type="CollisionShape3D" parent="StaticBody3D" index="10"]
transform = Transform3D(1, 0, 0, 0, 0.707107, 0.707107, 0, -0.707107, 0.707107, 0.003, 0.849433, -1.34912)
shape = SubResource("BoxShape3D_wb3pq")

[node name="CollisionShape3D10" type="CollisionShape3D" parent="StaticBody3D" index="11"]
transform = Transform3D(1, 0, 0, 0, 0.707107, 0.707107, 0, -0.707107, 0.707107, -4.997, 0.849433, -1.34912)
shape = SubResource("BoxShape3D_wb3pq")

[node name="CollisionShape3D8" type="CollisionShape3D" parent="StaticBody3D" index="12"]
transform = Transform3D(1, 0, 0, 0, 0.707107, 0.707107, 0, -0.707107, 0.707107, -2.48809, -0.845814, 1.34355)
shape = SubResource("BoxShape3D_drlf4")

[node name="CollisionShape3D14" type="CollisionShape3D" parent="StaticBody3D" index="13"]
transform = Transform3D(-4.37114e-08, -1, 4.37114e-08, 0, -4.37114e-08, -1, 1, -4.37114e-08, 1.91069e-15, -0.968468, 0.00750571, -2.48795)
shape = SubResource("BoxShape3D_tviwq")

[node name="CollisionShape3D15" type="CollisionShape3D" parent="StaticBody3D" index="14"]
transform = Transform3D(-4.37114e-08, -1, 4.37114e-08, 0, -4.37114e-08, -1, 1, -4.37114e-08, 1.91069e-15, -4.02934, 0.00750571, -2.48795)
shape = SubResource("BoxShape3D_tviwq")

[node name="CollisionShape3D16" type="CollisionShape3D" parent="StaticBody3D" index="15"]
transform = Transform3D(-4.37114e-08, -0.707107, -0.707107, 0, 0.707107, -0.707107, 1, -3.09086e-08, -3.09086e-08, -1.13766, -0.840047, -2.48795)
shape = SubResource("BoxShape3D_1if4f")

[node name="CollisionShape3D19" type="CollisionShape3D" parent="StaticBody3D" index="16"]
transform = Transform3D(5.4634e-15, -0.707107, 0.707107, -4.37114e-08, -0.707107, -0.707107, 1, -3.09086e-08, -3.09086e-08, -3.85252, -0.840047, -2.48795)
shape = SubResource("BoxShape3D_1if4f")

[node name="CollisionShape3D17" type="CollisionShape3D" parent="StaticBody3D" index="17"]
transform = Transform3D(-4.37114e-08, 0.707107, -0.707107, 0, 0.707107, 0.707107, 1, 3.09086e-08, -3.09086e-08, -1.13635, 0.849433, -2.48795)
shape = SubResource("BoxShape3D_wb3pq")

[node name="CollisionShape3D18" type="CollisionShape3D" parent="StaticBody3D" index="18"]
transform = Transform3D(1.3166e-15, -0.707107, -0.707107, -4.37114e-08, 0.707107, -0.707107, 1, 3.09086e-08, -3.09086e-08, -3.86007, 0.849433, -2.48795)
shape = SubResource("BoxShape3D_wb3pq")

[node name="CollisionShape3D20" type="CollisionShape3D" parent="StaticBody3D" index="19"]
transform = Transform3D(0.5, -0.5, -0.707107, 0.707107, 0.707107, 0, 0.5, -0.5, 0.707107, -3.94128, -0.915033, -1.4414)
shape = SubResource("BoxShape3D_52cmv")

[node name="CollisionShape3D21" type="CollisionShape3D" parent="StaticBody3D" index="20"]
transform = Transform3D(0.582061, 0.384534, -0.716476, -0.56565, 0.824469, -0.0170371, 0.584161, 0.415191, 0.697404, -3.91894, 0.905537, -1.45749)
shape = SubResource("BoxShape3D_52cmv")

[node name="CollisionShape3D22" type="CollisionShape3D" parent="StaticBody3D" index="21"]
transform = Transform3D(-0.5, 0.5, -0.707107, 0.707107, 0.707107, 0, 0.5, -0.5, -0.707107, -1.06628, -0.915033, -1.46062)
shape = SubResource("BoxShape3D_52cmv")

[node name="CollisionShape3D23" type="CollisionShape3D" parent="StaticBody3D" index="22"]
transform = Transform3D(-0.584161, -0.415192, -0.697403, -0.56565, 0.824469, -0.0170371, 0.582061, 0.384534, -0.716476, -1.05018, 0.905537, -1.43828)
shape = SubResource("BoxShape3D_52cmv")

[node name="OmniLight3D" type="OmniLight3D" parent="." index="3"]
transform = Transform3D(1, 0, 0, 0, 1, 0, 0, 0, 1, 0, 1.52448, 2.53266)
light_color = Color(1, 0.988235, 0.890196, 1)
omni_range = 10.0

[node name="OmniLight3D3" type="OmniLight3D" parent="." index="4"]
transform = Transform3D(1, 0, 0, 0, 1, 0, 0, 0, 1, -9.84846, 1.52448, 2.53266)
light_color = Color(1, 0.988235, 0.890196, 1)
omni_range = 10.0

[node name="OmniLight3D4" type="OmniLight3D" parent="." index="5"]
transform = Transform3D(1, 0, 0, 0, 1, 0, 0, 0, 1, 0, 1.5488, -2.7074)
light_color = Color(1, 0.988235, 0.890196, 1)
omni_range = 10.0

[node name="OmniLight3D5" type="OmniLight3D" parent="." index="6"]
transform = Transform3D(1, 0, 0, 0, 1, 0, 0, 0, 1, -9.84846, 1.5488, -2.7074)
light_color = Color(1, 0.988235, 0.890196, 1)
omni_range = 10.0

[node name="OmniLight3D6" type="OmniLight3D" parent="." index="7"]
transform = Transform3D(1, 0, 0, 0, 1, 0, 0, 0, 1, -2.45211, 1.5488, -4.79263)
light_color = Color(1, 0.988235, 0.890196, 1)
omni_range = 10.0

[node name="OmniLight3D7" type="OmniLight3D" parent="." index="8"]
transform = Transform3D(1, 0, 0, 0, 1, 0, 0, 0, 1, -7.39635, 1.5488, -4.79263)
light_color = Color(1, 0.988235, 0.890196, 1)
omni_range = 10.0

[node name="OmniLight3D2" type="OmniLight3D" parent="." index="9"]
transform = Transform3D(1, 0, 0, 0, 1, 0, 0, 0, 1, -4.96263, 1.52448, 2.53266)
light_color = Color(1, 0.988235, 0.890196, 1)
omni_range = 10.0
