[gd_scene load_steps=11 format=3 uid="uid://yr54afetwsgg"]

[ext_resource type="PackedScene" uid="uid://bni5fc6h056bg" path="res://game/corridors/hall_Window/Hall - Window - Texture.gltf" id="1_2sd85"]
[ext_resource type="Material" uid="uid://cxum4swcuoq72" path="res://game/corridors/hall_Window/Corridor_Window.tres" id="2_1sqxu"]

[sub_resource type="BoxShape3D" id="BoxShape3D_kki4d"]
size = Vector3(2.01782, 0.0603027, 2.508)

[sub_resource type="BoxShape3D" id="BoxShape3D_ipfdk"]
size = Vector3(2.01782, 0.0603027, 2.49702)

[sub_resource type="BoxShape3D" id="BoxShape3D_ftijg"]
size = Vector3(2.01782, 0.0603027, 1.51093)

[sub_resource type="BoxShape3D" id="BoxShape3D_fdphi"]
size = Vector3(2.01782, 0.0603027, 1.50861)

[sub_resource type="BoxShape3D" id="BoxShape3D_33mts"]
size = Vector3(2.01782, 0.0603027, 0.630562)

[sub_resource type="BoxShape3D" id="BoxShape3D_ii1pe"]
size = Vector3(2.01782, 0.0603027, 0.644722)

[sub_resource type="BoxShape3D" id="BoxShape3D_owuu3"]
size = Vector3(2.01782, 0.0603027, 0.625231)

[sub_resource type="BoxShape3D" id="BoxShape3D_0fnje"]
size = Vector3(2.01782, 0.0603027, 0.631599)

[node name="Hall - Window - Texture" instance=ExtResource("1_2sd85")]

[node name="Window" parent="." index="0"]
transform = Transform3D(2, 0, 0, 0, 2, 0, 0, 0, 2, 0, 0, 0)
material_override = ExtResource("2_1sqxu")

[node name="StaticBody3D" type="StaticBody3D" parent="." index="2"]
transform = Transform3D(2, 0, 0, 0, 2, 0, 0, 0, 2, 0, 0, 0)

[node name="CollisionShape3D" type="CollisionShape3D" parent="StaticBody3D" index="0"]
transform = Transform3D(1, 0, 0, 0, 1, 0, 0, 0, 1, 0.00256348, 1.01951, -0.00266647)
shape = SubResource("BoxShape3D_kki4d")

[node name="CollisionShape3D2" type="CollisionShape3D" parent="StaticBody3D" index="1"]
transform = Transform3D(1, 0, 0, 0, 1, 0, 0, 0, 1, 0.00256348, -1.01194, 0.00019455)
shape = SubResource("BoxShape3D_ipfdk")

[node name="CollisionShape3D3" type="CollisionShape3D" parent="StaticBody3D" index="2"]
transform = Transform3D(1, 0, 0, 0, -4.37114e-08, -1, 0, 1, -4.37114e-08, 0.003, 0.00927573, 1.517)
shape = SubResource("BoxShape3D_ftijg")

[node name="CollisionShape3D4" type="CollisionShape3D" parent="StaticBody3D" index="3"]
transform = Transform3D(1, 0, 0, 0, -4.37114e-08, -1, 0, 1, -4.37114e-08, 0.003, 0.00750571, -1.517)
shape = SubResource("BoxShape3D_fdphi")

[node name="CollisionShape3D5" type="CollisionShape3D" parent="StaticBody3D" index="4"]
transform = Transform3D(1, 0, 0, 0, 0.707107, -0.707107, 0, 0.707107, 0.707107, 0.003, 0.851672, 1.34688)
shape = SubResource("BoxShape3D_33mts")

[node name="CollisionShape3D6" type="CollisionShape3D" parent="StaticBody3D" index="5"]
transform = Transform3D(1, 0, 0, 0, 0.707107, -0.707107, 0, 0.707107, 0.707107, 0.003, -0.840047, -1.34781)
shape = SubResource("BoxShape3D_ii1pe")

[node name="CollisionShape3D7" type="CollisionShape3D" parent="StaticBody3D" index="6"]
transform = Transform3D(1, 0, 0, 0, 0.707107, 0.707107, 0, -0.707107, 0.707107, 0.003, 0.849433, -1.34912)
shape = SubResource("BoxShape3D_owuu3")

[node name="CollisionShape3D8" type="CollisionShape3D" parent="StaticBody3D" index="7"]
transform = Transform3D(1, 0, 0, 0, 0.707107, 0.707107, 0, -0.707107, 0.707107, 0.003, -0.845814, 1.34355)
shape = SubResource("BoxShape3D_0fnje")
